Text: a computer
Shape: (1, 640)
Dtype: float32
Range: [-0.228924, 0.374693]
Mean: -0.000763
Std: 0.039521
L2 norm: 1.000000

First 20 values:
[-0.00766131 -0.037653   -0.01378592  0.11721686 -0.0010436   0.00768088
  0.00475098  0.06111307 -0.02223906  0.01176656 -0.01861778  0.03881921
 -0.0218738  -0.02389838  0.02337658  0.01669756 -0.03692248  0.02290925
  0.02876155  0.01308671]

Full embedding:
[-0.0076613095588982105, -0.03765299543738365, -0.013785921968519688, 0.11721686273813248, -0.0010435973526909947, 0.007680877111852169, 0.004750977270305157, 0.06111306697130203, -0.022239061072468758, 0.011766561307013035, -0.01861777901649475, 0.03881921246647835, -0.021873801946640015, -0.023898379877209663, 0.0233765821903944, 0.016697557643055916, -0.036922477185726166, 0.022909246385097504, 0.028761545196175575, 0.01308671198785305, -0.020397111773490906, -0.020210690796375275, -0.050249215215444565, -0.05326521396636963, -0.02139374613761902, -0.05055185779929161, -0.01177177857607603, -0.04206741228699684, -0.03364558145403862, -0.05301475152373314, -0.014819083735346794, 0.041728243231773376, -0.005176242906600237, 0.025338545441627502, -0.0433092936873436, 0.0006365944282151759, -0.06908614933490753, 0.00433092936873436, -0.008557499386370182, -0.0018836933886632323, -0.09818164259195328, 0.008961892686784267, -0.036473728716373444, -0.038800954818725586, 0.020611047744750977, 0.04808896780014038, -0.03544969856739044, 0.020287534222006798, -0.034981388598680496, -0.03066089190542698, -0.074471116065979, 0.015674833208322525, 0.05397485941648483, 0.009183657355606556, 0.01660885289311409, 0.020329277962446213, 0.019410911947488785, -0.021754441782832146, 0.016284115612506866, 0.02043885551393032, -0.009496737271547318, -0.022541703656315804, 0.024002742022275925, 8.348779374500737e-05, -0.0041117738001048565, 0.01648884080350399, 0.0050718835555016994, 0.01995358243584633, 0.023146990686655045, -0.035565800964832306, -0.0005557156400755048, -0.013525022193789482, 0.017302846536040306, -0.005473668221384287, 0.008787089958786964, -0.024524539709091187, -0.16989766061306, -0.04389370605349541, -0.037861716002225876, 0.00016697558749001473, 0.039886292070150375, -0.04496470093727112, 0.0003756950609385967, 0.007159078493714333, 0.0004696188261732459, 0.028678057715296745, 0.0007826980436220765, -0.012549259699881077, 0.012565565295517445, -0.028438029810786247, -0.01588355377316475, 0.006963403895497322, 0.029672084376215935, -0.0017219356959685683, 0.025860344991087914, -0.004174389410763979, 0.025849908590316772, -0.009204529225826263, 0.014213796705007553, 0.037814754992723465, -0.017229793593287468, -0.00613635266199708, -0.03804956376552582, -0.01690627820789814, -0.005865017417818308, -0.006532920058816671, -0.014130309224128723, -0.0015927905915305018, -0.009413248859345913, 0.010289870202541351, 0.010582078248262405, -0.008974937722086906, -0.046729519963264465, 0.029095495119690895, 0.011964844539761543, 0.028771981596946716, 0.00403872225433588, -0.014219014905393124, 0.010143767111003399, 0.048214200884103775, 0.013586333952844143, 0.026194296777248383, -0.0036421550903469324, 0.010769925080239773, -0.0021185027435421944, 0.018576033413410187, -0.010109849274158478, -0.002661173464730382, -0.0035064872354269028, 0.016948021948337555, 0.01715674251317978, 0.0037230337038636208, -0.0022385164629667997, 0.012418809346854687, 0.056291643530130386, 0.006512047722935677, -0.012651010416448116, -0.027676204219460487, 0.022228624671697617, 0.019901404157280922, -0.0023794020526111126, -0.038863569498062134, -0.02114328369498253, -0.013608509674668312, -0.006658151745796204, -0.009350632317364216, 0.02139374613761902, 0.007313008885830641, -0.030473044142127037, 0.02268780954182148, 0.0231991708278656, -0.007993956096470356, 0.004508340731263161, 0.025296801701188087, 0.03397953510284424, 0.03068176470696926, 0.024404525756835938, 0.03081221505999565, -0.02258344739675522, 0.03685986250638962, 0.02324613183736801, -0.019431784749031067, 0.012521864846348763, 0.07230042666196823, -0.004797939211130142, 0.0013462406350299716, -0.03193408250808716, -0.014035080559551716, 0.011928318999707699, -0.00807744450867176, -0.13616859912872314, 0.039030540734529495, -0.00018784753046929836, -0.017657669261097908, -0.0002504633739590645, 0.02623603865504265, -0.006595535669475794, -0.0198700949549675, 0.022656500339508057, -0.04441550374031067, -0.006752075627446175, 0.02362704649567604, 0.00997287780046463, -0.006759902462363243, -0.0008974937372840941, -0.015583518892526627, -0.042432673275470734, 0.014603189192712307, 0.009825469925999641, 0.006407688371837139, -0.02490023337304592, 0.03395344316959381, 0.027373559772968292, -0.02843281254172325, -0.008630550466477871, -0.026966556906700134, 0.017647232860326767, -0.02277129516005516, -0.02302175760269165, -0.029679911211133003, -0.005555851850658655, -0.0017949874745681882, -0.022578230127692223, -0.014130309224128723, 0.0028803288005292416, -0.0034507201053202152, -0.0074173687025904655, -0.029199857264757156, 0.010951249860227108, 0.009872431866824627, 0.012737106531858444, 0.011709162965416908, 0.008974937722086906, 0.010373358614742756, -0.009987227618694305, -0.0178455151617527, 0.023110466077923775, -0.0070338468067348, 0.13984204828739166, 0.056437745690345764, 0.01029769703745842, -0.0031516640447080135, 0.029158111661672592, -0.0035899749491363764, 0.014406861737370491, -0.0041222102008759975, -0.0006731203175149858, 0.02217644453048706, 0.018612559884786606, 0.015466113574802876, -0.019333621487021446, -0.01876388117671013, -0.011051696725189686, 0.003360383678227663, 0.01350415125489235, -0.032935936003923416, -0.012752761133015156, -0.02139374613761902, 0.008674250915646553, 0.0006679023499600589, -0.020767588168382645, -0.05664646998047829, -0.005092755425721407, 0.009141913615167141, -0.030994843691587448, 0.013128455728292465, -0.004132645670324564, 0.018158596009016037, -0.05028052255511284, 0.006762511096894741, 0.030890485271811485, -0.027550971135497093, 0.0017480256501585245, -0.03434479236602783, 0.0025463777128607035, 0.014464260078966618, -0.004299621097743511, -0.02766055054962635, 0.006929486524313688, 0.015403497964143753, -0.024837618693709373, -0.008526191115379333, 0.015059110708534718, -0.030556533485651016, -0.040488969534635544, 0.017532436177134514, -0.03232543170452118, 0.04629398137331009, -0.020684100687503815, 0.014213796705007553, 0.06868958473205566, -0.002358530182391405, -0.01461036317050457, 0.04136820137500763, -0.003224716056138277, -0.04324667900800705, 0.018409058451652527, -0.011265634559094906, 0.013071057386696339, 0.008416613563895226, 0.008359215222299099, -0.04783850535750389, 0.034355226904153824, -0.002629865426570177, 0.01861777901649475, 0.0104842409491539, -0.02424798533320427, 0.0026089935563504696, -0.0002595948753878474, -0.06687372177839279, -0.013065840117633343, -0.08359215408563614, 0.04934128746390343, -0.01239793747663498, -0.0013775485567748547, 0.006021556910127401, -0.01061860378831625, 0.010222036391496658, -0.015003018081188202, -0.172736257314682, 0.04491643235087395, 0.02949206344783306, 0.007680877111852169, -0.05293126031756401, -0.09308367222547531, 0.04034547507762909, -0.0245662834495306, 0.02451671101152897, -0.008265291340649128, -0.03201756998896599, -0.013201506808400154, -0.026883069425821304, 0.0006411601207219064, 0.006887742783874273, -0.16735129058361053, 0.016541019082069397, 0.029366832226514816, -0.025630753487348557, 0.011646547354757786, -0.01346762478351593, -0.058159682899713516, -0.005322346929460764, -0.025860344991087914, 0.002233298495411873, 0.003558667143806815, -0.023507030680775642, -0.05182505026459694, 0.05455927178263664, 0.011437827721238136, 0.028344105929136276, 0.0027550971135497093, 0.005593682173639536, -0.013128455728292465, 0.027543144300580025, 0.0041639539413154125, 0.022625192999839783, 0.026682177558541298, 0.003882182529196143, 0.03219498321413994, -0.009851559065282345, -0.009595878422260284, 0.021075449883937836, 0.007847853004932404, -0.0010853413259610534, -0.030431300401687622, 0.017490694299340248, 0.015653962269425392, 0.0128779923543334, -0.016864534467458725, -0.017459385097026825, -0.00486316392198205, -0.003329075872898102, -0.08907104283571243, 0.015956604853272438, 0.0011792650911957026, 0.010206382721662521, -0.05149109661579132, -0.01198049820959568, 0.018043799325823784, 0.008261377923190594, -0.01740720495581627, 0.04078378528356552, 0.01673930324614048, -0.00849488377571106, -0.028594568371772766, 0.0245662834495306, 0.05497671291232109, 0.0323619544506073, -0.04117513447999954, 0.0245662834495306, -0.008260074071586132, -0.02476978488266468, 0.030256498605012894, -0.019901404157280922, -0.031540125608444214, -0.011646547354757786, -0.059051960706710815, -0.026037756353616714, 0.019217845052480698, -0.014850392006337643, -0.0010227254824712873, 0.04441550374031067, 0.04441028833389282, -0.018247300758957863, 0.005437142681330442, 0.019207410514354706, -0.01456862036138773, -0.015737449750304222, 0.01524695847183466, -0.0033577748108655214, 0.03873833641409874, -0.000834877893794328, -0.024587154388427734, -0.22892352938652039, 0.038091305643320084, -0.009671539068222046, 0.04134732857346535, -0.014245104975998402, -0.05127716064453125, 0.010957772843539715, 0.07355274260044098, 0.023992303758859634, 0.02429494820535183, 0.007477375213056803, -0.016781046986579895, 0.015403497964143753, -0.061384398490190506, 0.01542436983436346, -0.02590208686888218, -0.007221694104373455, -0.018544726073741913, -0.09020856022834778, 0.011542187072336674, -0.01456862036138773, -0.016504494473338127, 0.0170732531696558, 0.0044248527847230434, -0.0018576033180579543, 0.08628463745117188, 0.025004595518112183, 0.010383794084191322, -0.050259653478860855, 0.002462889766320586, 0.029867758974432945, -0.16605722904205322, -0.0009809816256165504, -0.01423466857522726, -0.038863569498062134, 0.00517950439825654, 0.0007513901218771935, -0.047880250960588455, -0.09676235914230347, -0.01533566415309906, 0.015497421845793724, 0.025072427466511726, 0.007941776886582375, 0.01683061756193638, -0.012971916235983372, -0.12114078551530838, 0.003046326106414199, 0.03389604389667511, -0.017615925520658493, 0.03986542299389839, -0.028725018724799156, 0.031558386981487274, -0.016948021948337555, 0.024670643731951714, -0.040554195642471313, 0.05040575563907623, 0.02252083085477352, -0.00632680905982852, -0.012030558660626411, 0.011354339309036732, 0.033833425492048264, -0.001596704008989036, -0.013217161409556866, -0.001961963251233101, -0.005006658844649792, 0.01586529053747654, 0.04827681556344032, 0.021435491740703583, -0.015612217597663403, 0.018930858001112938, -0.016781046986579895, 0.001299278810620308, 0.006178096402436495, 0.02504633739590645, 0.033603839576244354, 0.011083004996180534, 0.04863164201378822, -0.013933329842984676, -0.009872431866824627, 0.0579405277967453, -0.0031203562393784523, 0.08949891477823257, 0.024086227640509605, -0.022980015724897385, -0.14042647182941437, 0.03008691407740116, -0.02490023337304592, 0.013838102109730244, 0.03965670242905617, 0.03437740355730057, 0.010336832143366337, -0.02251039631664753, -0.04587654396891594, -0.006887742783874273, 0.006345072295516729, 0.0347987562417984, 0.010866458527743816, -0.018805626779794693, 0.022729551419615746, 0.01613401621580124, -0.01724022999405861, 0.014250322245061398, 0.01656189188361168, 0.057230882346630096, 0.008147886954247952, -0.006387060973793268, -0.020329277962446213, -0.009747200645506382, 0.008500101044774055, -0.014018122106790543, 0.017031509429216385, -0.021028488874435425, -0.009548916481435299, 0.03765299543738365, 0.3698717951774597, -0.015471331775188446, 0.011187364347279072, -0.004094489384442568, 0.026736965402960777, -0.032601986080408096, 0.003232543123885989, 0.00964284036308527, -0.03932275250554085, -0.003819566685706377, 0.010815583169460297, 0.03480919450521469, -0.02085629478096962, 0.017448948696255684, -0.0044091991148889065, -0.002629865426570177, 0.02789275161921978, 0.040575068444013596, 0.0027599891182035208, -0.04066246747970581, -0.002567249583080411, -0.0001982835092348978, -0.014213796705007553, 0.061655737459659576, 0.013947679661214352, 0.07355274260044098, -0.02702917344868183, 0.016203155741095543, -0.001231444883160293, -0.036233704537153244, -0.025129826739430428, -0.027884922921657562, -0.000208719473448582, 0.009392376989126205, 0.013822447508573532, 0.0023794020526111126, -0.005656298249959946, -0.009256708435714245, 0.005384962540119886, 0.029888631775975227, -0.033436860889196396, -0.06302285194396973, 0.009272363036870956, 0.01631142757833004, -0.016447095200419426, 0.0011897010263055563, 0.02786405198276043, 0.005572810303419828, -0.03118269145488739, -0.039802808314561844, -0.03602498024702072, 0.05539415404200554, 0.003996978048235178, 0.02897026389837265, 0.010378576815128326, 0.012773632071912289, 0.004845797549933195, -0.0072008222341537476, 0.013945070095360279, 0.0005844145198352635, 0.007722621317952871, 0.018544726073741913, 0.0444989949464798, -0.0023167862091213465, -0.012403154745697975, 0.003496051300317049, -0.023470506072044373, 0.07952212542295456, -0.0362858809530735, 0.02362704649567604, -0.025547264143824577, -0.008166150189936161, -0.011009952053427696, 0.028051897883415222, 0.0223440732806921, 0.03644242137670517, -0.08290337771177292, -0.013295430690050125, 0.37469321489334106, -0.018242083489894867, 0.0038769645616412163, -0.02133113145828247, 0.01474603172391653, 0.000717473216354847, 0.02329309470951557, 0.01177177857607603, -0.04191087186336517, -0.016567109152674675, 0.035023126751184464, -0.004719017073512077, -0.022312114015221596, -0.020162303000688553, -0.041326459497213364, 0.0006679023499600589, -0.003464743262156844, -0.0800647884607315, 0.008098315447568893, 0.03779910132288933, -0.02632996253669262, 0.04508340731263161, -0.03953146934509277, 0.02897026389837265, 0.0039082723669707775, -0.026820454746484756, 0.029805142432451248, 0.03790345788002014, -0.002154376357793808, -0.023940125480294228, -0.014521658420562744, 0.018492547795176506, 0.011137467809021473, -0.015622653067111969, -0.018889112398028374, 0.0010722964070737362, -0.006232885643839836, 0.01542436983436346, 0.049315195530653, -0.019577886909246445, -0.008620114997029305, -0.01218921784311533, 0.006115480791777372, 0.015560037456452847, -0.016760174185037613, -0.012585785239934921, -0.040081966668367386, 0.015069547109305859, -0.006157224997878075, -0.022578230127692223, -0.022406037896871567, 0.00306817633099854, -0.0017532436177134514, -0.011625675484538078, 0.020537996664643288]
